model: 
 
!景点集合; 
sets: 
viewpoints/1..8/:u; 
link(viewpoints,viewpoints):w,x; 
endsets 
 
!距离矩阵; 
data: 
distance=0 300 360 210 590 475 500 690, 
300 0 380 270 230 285 200 390, 
360 380 0 510 230 765 580 770, 
210 270 510 0 470 265 450 640, 
590 230 230 470 0 515 260 450, 

 
475 285 765 265 515 0 460 650, 
500 200 580 450 260 460 0 190, 
690 390 760 640 450 650 190 0; 
enddata 
 
n=@size(viewpoints); 
min=@sum(link:distance*x);!目标函数; 
@sum(viewpoints(i):x(i,1))=0; !景石只能是出发点; 
@sum(viewpoints(j):x(n,j))=0; !湿地商业街只能是终点; 
@for(viewpoints(i)|i#ne#n:@sum(viewpoints(j)|i#ne#j:x(i,j))>=1);!每个景点只走
一次; 
@for(viewpoints(j)|j#ne#1:@sum(viewpoints(i)|j#ne#i:x(i,j))>=1);!不能返回走过
的景点; 
@for(viewpoints(i):@for(viewpoints(j)|j#ne#1#and#i#ne#j:u(i)-u(j)+n*x(i,j)<=n-1)
);!避免子环路的出现; 
@for(link:@bin(x));!0-1 约束; 
end